[project1] 3947 1588093616.309003117 1588093617.147771253
[project1] 3948 1588093618.004437097 1588093618.839373632
[project1] 3949 1588093619.643111626 1588093620.501877215
[project1] 3950 1588093621.322935264 1588093622.158573021
[project1] 3951 1588093622.962146591 1588093623.758945786
[project1] 3952 1588093624.670257319 1588093625.510694409
[project1] 3953 1588093626.315261643 1588093627.206061464
[project1] 3954 1588093627.976454219 1588093628.764212010
[project1] 3955 1588093629.597176667 1588093630.430806226
[project1] 3956 1588093631.287906255 1588093632.097686181
